918

643. 616. 8646666644]
6664064644646 643. de-
currens 606. 44664416-
14646 643. 6664064466-
sii 646. distichum 644.

04466666 486. quadri· ·
4666446493. 61046610-
44646466 189. tetrada-
6466486. 1646664464
486. 446666164486. 444·
4466Ιί666464 604. echi· 66446464 480.
60664664 644. 4466641 mundanum 444.
646. fallax 634. fili· 164140641644464 891.
4044664644666646466· 10414611016644 344.

dii 643. 6466666646 16414664646614869.
646. 464646464644634. 96444030446466644064464-
4646406661644643634. 4644480. crispum 364.
44046644634446446646· · 6646646466] 36046446·
chii 644. 44644444 646. num 349. latissimam
4446440464] 646. 406464· 344. .
1044644046. 4664440464] nummaria 364..
4146164410446446464466· 104146666198.
annianum 644. 4404· 46646444 406. 66464416-
466444 644. 14104664] 4644 404. 4041. 444466- .
609. 1066604646 606. 6646106464446664401.
666406646646 634.
4444444644
640604614646 636. 644-
6406 ’6444 644. 444646·
6464 64] 644. 446664404-
das 636. 0460666464
641. 6066616646. 66444-
dum 634. paradoxum
630. 664644044644 644.
641646 633. 6646466-
,46444 640. 9640644 606.
646146614664 636. 616-
466646644 643. 64646·
1014464] 606. 60466646-
44644 644. 6644644044644

6646408 6414046666]

406. 64664446446466·

ramosissimum 104.
409. 66446664] 99. 664-

99. 66166646644466 404. ’
6646660666] 493. 4404- nortonam 646.
4446406644404. 4464646- 966661446 rubra 696.
164] 404. 4644466698. 86440606666644446446603.
64666694. 6646646664 14446466464611.

1119116141Ιῆ91 BT smoawom.

314. 0661144466] 314.
0464446664] 308. pan-
44404466 346. 6644644-
666] 306. 6614046466-
1646303. secundatum
309. 1464444646 343. 44-
46444664 346. 344.

8664066404] 4466644 344.

6461446466 449. 604]-
6404666 480. compr.
6064644οἰ666 3444. aaa·
64664494464640666648.
4604466466666486. 4446·
66404646 486. 489. 44·
466446644448464646444
48Ι.664664464364.46·

- 4664466464 419. 44460-

666648. 1046640664
646. 6644444466 480. ver·
4666664 460.

64664464664604644440- mevania 694.

4104666466 694. 466-
66440144 638.

(441114444666 668.

641164] 98. 6664444664]- 86164406 orbicularis 444.
6461644490. radians 94. 1466646416 18.

{genuam 86. 4144466444

164646664404.846441444 1164066466] 443.
103. 404. 6464166644 1466040664 469.
40646666404404666· 1446646646 463.

4644 40441661146404. 1406641664 434.

643. 644. 6606644644 164146646466 344. 114664666446 604.

634. serratum 646. Si· tahizothriz 340.
4666614644 631. steno· 1616414664 490. ,
64641644 644. subala· Salarothrix 349.

464] 644. tenerrimum 8606646446 66664646 609.
646. 4044416633. 441641- 86644644οηί6 4066644446
644644644. 4444446464] 468.

644. 44444Ιί64644 634. 1664066646 303.

66416464] 630. vulgara 6440644064] 301. 6440-
643. 644. 666144646646.
86646446 4466441444 636.
1666464641640.
{canadam 486.
44466646166186. di-
44646466 484. 16414464-
644486. longus 486.
maguus 486. 644664
486. obliquus 486. 064·
64464666 486. 0661464·
466 486. parvulus 186.
6664466466 486. 184.

6646464104666486666-

6466466664] 346. 666-
(1164666466644484. 44-

46444343. 4044404066

444. 306. multifidum
340. 4460044666 304.

1146616466 346.
solania attenuata 663.

6644640444 446. 46114614
484. clathrata 449. 644-
6446 663. «1464046646
484461466666648446·
4661466446 448. Lina 6
4414. 446. 6

virens 348. 4464644441. tenuia 448.

344. 446660ἰὰ6646 348. §amabam 666.
64440464] 340. 604666· aarum 196.
644444346644664444303. 804666646 montana 441.

4143461644 444. virescens
1.

46444664] 309. 44041· spatoglouun 660.

parvulum 666.

316. 4644604606 444. spermatum 619.
sulianum 303 6466644- hermonim 494.
forma 303. 44466464] 1646664446 463.

(4144446446 663. caai-
604644 464. 6460466464

 

