908

763. 116666 caudatus
639666166666676866·
11116161619166 631. 6611-
6611166689. 736. 66111-
661616776. 6666116666
731. 7113. (1661616161
719. (19661611116199.
61116166 716. 7116. 768.
6111666116887. (1111111166
689. 681. (11661161 888.
6161666763. 616116116-
666 869. clavifer 198.
666616666717899883.
(1661616166611769. La-
61116131611693. 66166-
666 616. concatenatus
696199. concinnus
771666161166818666-
161161366773773666·
1166661191. constrictus
691. 768. congestus
73866661366631666-
16116671 9. 661611619116
« 88766191166736661-
6666736761766661-
6161116166 691. 719. cor·
6666666676. cornutus
887. 66166661161166
761661111611116166817.
costatus 689. 6166611166
693. 6166616166 789.
6111116666 689. crinalis
761. 61161111679-1. 766.
6116116166 716. crispus
697. 636. 736. 6116161116
717, 811. croceus 769.
cupressoides 197. cya-
666116116668661111161-
166 793. cysiophylius
636.

dasyphylius 863. (16-
11111661611661111666639.
decurrens 696. (16116-
661733. delicatulus
781.(1661111116816.1166-
116616166769.777.1166-
11161166 633. 1166166161-
66611616. 9661611111
611. 1116666666 768.
1116116166166661111111-
16166677. (111616166799.
11166616 991. 1116166166
638. 3161161166 689 111-
1·11116111116769.111161.·“ 1

161166 616. (1661661666
6911161616 736. 781

6611161166 733. 61111116·

711. 1196166361116681.

663111661611668796111-
[11111166 791. 6116116666
197. 6116611166 691. 611-
6116666 793. esculentus
1179. 6166666166 689.
excisus 699.

Fascia 667. 1116616611-
1116 863. 16661616 666.
fastigiatus 718. 71911-
11166611 698. 91161666
736. 766. 1111161166 693.
9111616116 613. 736. fi-
lum 618. 1116611696
8181166116116661611116·
611166 639. 699. 91116111-
1611616 616. {lavicans
616116166663961116·
sus 636. 96666666 869.
1161116166 716. 16111161
736. 779. 1611661666616
699. 96161691 698. 636.
1·“6161611 861. 1161161-
161166 819. 116116616666
836. [nivellus 633. 1611·
gosus 669. 1616696166

(1661111616 669. gela-
966666 776. 866. 11611-
11666776. 1113119666
719611111161666876166-
11616666 689. gracilis
773. 316611611611116 616.
grunniens 779. granu-
161116 696. (1119116666

1161661666 766. hamn-
losus 768. 1161161616-
666116681111661111611·
166 633. 661666666673.
11616616 793. 1161616-
611111116 619. 631. 766.
hirsutus 169. 791. 1111·-
166· 683. Homeri 631.
116161161111116831111111-
dus 856. hypnoides
597.755.iiypoglossun1

1961161166 636. 1161116-
xus 699. 166161161166
636 166161667916116-
166 689. interruptus
661.1111661166116178.16
tricatus 611. iubatus
736.

1169161666· 863. 891

16111116191611779 111
6616166879, 166611161111
936. lacerus 736789.

mu (ifflffl Ιῐ simmam·

1161616166 716783111-
6111611 736111161161111
763166361161111636.
limosus 899. 1111161161
697. 636. 61111861.
laxus 863. 1663186161
613. 636. 1661661666·
6131161166611166 637.
638. 776. 1166111166 573
116661116116661311661-
11 66658973811661.
166 818. 1161161166611.
lividus 711. 1161611166
713. [6661161166 761.
1663961166 663. 633.
1661111166166 689. 166-
gissimus 616. 773. 773.
161666687111611166763.
6661166666 681. 11116-
111166116 719. luxurians
7131166116111611166839.
Lycopodium 811.
1116161169361616196·
6116 733. masi-haloca-
1166637. uiuimus 589.
membranaceus 661.
membraniiolius 799.
9661116611 693. 1111616
66161166 636. 1616111116
767. 61661111616116 399
61666666166 699. 1661-
11116111166 779. 11161161-
166 693. 777. 6111661161-
161676816666611166671.
869. 161661611166933.
1111116666.
6616611616116 868. 61-
1666699.611.Ν61661166
713. 6616111666 766.
66116666 791. nitidus
768. nodosus 691. 66-
96161166 693. 1166111-
666 769. norvegi-ii·
789.

6111666166 781. 851.
0661191116 8117. 0611611
769.61166166’611.011616
1116666111 131. Opuntii
731. ornatus 79316-
16116116 866. 666111631-
66116· 691. 6111116861
8666116116 781.
6619666631. 1161611111·
119. 781. Palma-tia 111.
783. 116616616161639
116111116611677686119·
16116633. 773. [16161111-
1666396611116661199·

 

