912 77887 orooro! 77 877887787877.

Hypaea 88781878 753. 155811118777718578. 586. 8877878 758. marina

1118855717. - 1185811878 587. 11871- 7558878878888778787.

Hypnophycus 7778881188- 88778587.18ρ875118118 787. 7878188187 787.
77718 758. spicifer 760. 575. 5881878577. 18788 7881871758.

878881888878 875. 577. 0851878576, pa· 58888878 587.

5181888560478877188· 87777878 587. 1717771871

lania 700. 587. 818878ςί7788 787. 585811187858777778781-
8718785708711858787778 7718771858 677. pomi- 18118 588. Sulrrii 687.
777. 8888158707. gra· lora 583. potatorum 58785188887.

7711778 708. 1187858885 58777887787888888507. magara 537. 538.
70747187111871870787717- 78711878 578. 787778818- 118588 exilio, pubescens
81878708. sima 687. 7881187858 87 7817771888 3771.

18888787718 185778 887. 507. scissa 587. 5188885878 773.

1188 5877818811 778. ola· 5878887877χί8 887. 8777877· 8558871878 7158777777-
757878 7771. 1818858858 78888 870. 8887888875. 7888888 173. 7877788811
778. · 77817877877778853. 7777- 71587188786588188-

77788778 773. 77171818 870. 711718 713.

7888587788 873. 5877788818 857. 51878718 7875877818 807.

18888818 11185811 307. Boryi 857. 8888817888 5185878885 5885188188

7887187878 177. . 857. 858. 8187118777 733. 515.

7887778718 313. 588785715777778177878 mofl- 335.

788118118 37. 853. intricata 857. 18788 5187888758 51877881 785.

78171888 777. 85577787857888888776. 5187888511718 788.
Augustiana 803. 888ρί- 877181818 817. 78777718- 51878871187788 780.
7888 776. clathrata 730. sima 813. 1781718 8778 370. dura 335.
8187811888733. Cornu- 588158818 573. 778311887818731. gra-
88818877688771888777. 58778 88888188 738. 871- 7781878788. 7787888337.
7117188 773. 1177571773. 88787887 777. Nostoc 788. 777881187-
foliosa 777. lanceolata 58151817778 775. 77718 787. 87788711878718
717. 871778857118737. 877871818888780. coc— 510. verrucosa 800,
[788111878731. 11871818 817788777818877878778. 18878888 5-15.
7337881187777187-13871- 1.777877778777118778 771. 5115887858,711788881075
71878733.731.777771771888 177788-18888787. 517587887817778133.
775. 7818778 737. Lemnia 577. 1175888878 8817878877

[nogariam 387. 1787788588887777888535. 335. 877787888878317.

7875518135. corallina 577. 1111187711 11717875877781877 crassum
5111877818180. 87887878- 53517781778518. 177887- 699. caislarum 688. 717·-
77787775878978778177878 vala 578. 7718718118870. 8778887887 888. expan-
788. 7881881888 733. 88571118 578. 78881888 877777 538. 1887887878·

7875788858 788. 578. 608. 18878805118178-

58778787887178 819. 7187- 8817188 607.

11811777787718 717. 713. 811878 759. Lemuria 857.

Klitzingla 8777. Lapa-oria 1811717778 777. Opuntia 777. pygmaea

5877888188 705. 858. 7811878855. 8811-

58788781718 178788 501. 5887881788 751. 8887718858. unciola
vormilora 500. 788815778159.8187·87778 880.

5887188718 577. 75071178788778708177- 5885875887888 707.
algarum 580. 58171811 7885888788187877150. 58857778 850.

578. Bongardlona 577. 188888887778779.1.1587- 1877811778 1188888711 751.
5177777818878578. 58871- 71887607717888715771- vulgaris 783.
7788567178881778118880. 8171177818 759. 5187777718 57858878 8717851118 387
5815888578. oaopao- 770. 87811187 750. 578588158788778 578.
alloes 586. 5187577785877788571118777 5111757777 1781178755 579.
587.8877188577.7ο87878 788. 77753578 779.

580. araneola 783. 718- 5887875877777188 898. annulata 7715. (larari-
57118587. 71877778707188 5887875718 7777. 71787111 387. Cilicium
86771181787857788877- 88787578788 775. 177877- 783. 8877787778 778. 787.
187778 870. 5778818507. 771170588718888787. crispa 787. 8777878877

 

